123 358
127 403
132 447
137 492
151 534
179 569
216 597
260 618
304 624
347 612
390 590
426 561
452 524
465 482
469 438
473 394
478 348
152 331
171 312
200 304
230 307
260 320
315 314
345 300
377 294
409 300
433 318
289 350
290 381
291 413
292 443
260 458
275 463
293 468
312 461
330 454
183 358
201 344
224 345
246 364
223 369
200 368
339 359
357 338
380 335
400 349
383 360
359 362
215 494
246 490
274 487
296 488
316 484
345 482
380 485
351 525
321 542
299 545
276 544
246 532
226 496
275 500
296 500
317 497
370 488
320 524
298 527
276 527
0 0
598 0
598 798
0 798
300 0
598 400
300 798
0 400
