149 325
146 363
146 400
150 438
159 476
177 510
202 540
232 566
271 575
317 571
361 551
402 526
434 494
454 456
463 413
466 372
468 330
159 303
169 280
192 270
219 269
244 277
302 276
334 269
367 270
397 280
418 301
271 313
269 346
267 378
265 411
238 418
252 426
270 433
290 425
309 417
189 321
204 312
222 312
240 322
222 323
204 324
322 322
341 312
361 312
379 322
361 325
342 324
213 458
234 455
256 454
274 456
293 452
322 453
354 457
325 481
295 490
275 491
256 489
234 480
224 461
256 465
274 466
293 464
345 459
294 473
275 475
256 472
0 0
598 0
598 798
0 798
300 0
598 400
300 798
0 400
