29 40 39
40 29 31
2 75 1
75 2 3
1 75 0
41 48 2
48 41 31
75 3 4
1 0 36
38 40 41
40 38 39
75 68 0
2 1 41
41 1 36
71 4 5
4 71 75
3 2 48
33 51 50
51 33 52
71 5 6
4 3 48
31 49 60
49 31 50
71 6 74
5 4 48
31 41 40
74 6 7
6 5 59
39 27 28
27 39 21
7 6 58
29 35 30
35 29 42
74 7 8
8 7 57
10 74 9
74 10 70
9 74 8
9 8 56
70 10 11
10 9 56
30 35 34
70 12 73
12 70 11
11 10 55
31 29 30
73 12 13
12 11 54
11 55 54
73 13 14
13 12 54
18 36 17
36 18 37
73 14 15
14 13 54
37 18 19
15 14 46
36 0 17
73 15 16
16 15 45
20 23 22
23 20 72
17 68 18
68 17 0
37 19 20
42 29 28
18 68 19
22 42 27
42 22 43
19 72 20
72 19 68
21 22 27
22 21 20
20 21 38
35 42 47
46 43 44
43 46 47
27 42 28
44 25 45
25 44 24
22 23 43
43 23 24
24 23 72
72 25 24
25 72 69
26 69 16
69 26 25
16 69 73
16 45 26
25 26 45
14 54 46
54 55 64
6 59 58
28 29 39
34 52 33
52 34 35
50 31 32
62 67 61
67 62 66
49 59 60
59 49 61
31 30 32
56 8 57
32 30 33
32 33 50
33 30 34
35 54 53
54 35 46
38 41 37
36 37 41
37 20 38
38 21 39
46 44 45
24 44 43
42 43 47
45 15 46
46 35 47
48 31 60
5 48 59
57 7 58
49 50 61
66 56 57
56 66 65
50 51 61
55 63 53
63 55 65
51 52 63
52 35 53
53 63 52
53 54 64
55 53 64
55 10 56
51 63 62
55 56 65
59 61 67
57 58 66
59 48 60
58 59 67
61 51 62
66 58 67
62 65 66
65 62 63
