(Action|1996,3.461697722567288 0)
(Action|1997,3.532030401737242 0)
(Action|1998,3.5134575569358177 0)
(Action|1999,3.5816767502160762 0)
(Action|2000,3.4737410071942447 0)
(Action|2001,3.459731543624161 0)
(Action|2002,3.282142857142857 0)
(Action|2003,3.3549471661863595 0)
(Action|2004,3.3188694267515926 0)
(Action|2005,3.498137802607076 0)
(Action|2006,3.413495575221239 51)
(Action|2007,3.361111111111111 14)
(Action|2008,3.4578139980824543 5)
(Action|2009,3.2823984526112184 14)
(Action|2010,3.6328626444159178 8)
(Action|2011,3.2780925401322003 2)
(Action|2012,3.542718446601942 19)
(Action|2013,3.4695945945945947 6)
(Action|2014,3.3715083798882683 1)
(Action|2015,3.6022391212505283 31)
(Action|2016,3.33665780141844 6)
(Adventure|1996,3.5261707988980717 0)
(Adventure|1997,3.6423076923076922 0)
(Adventure|1998,3.4769647696476964 0)
(Adventure|1999,3.6112288135593222 0)
(Adventure|2000,3.5585429314830876 0)
(Adventure|2001,3.541772151898734 0)
(Adventure|2002,3.3601756954612005 0)
(Adventure|2003,3.5187566988210075 0)
(Adventure|2004,3.4040201005025126 0)
(Adventure|2005,3.6599297012302285 0)
(Adventure|2006,3.5002815315315314 46)
(Adventure|2007,3.4480676328502415 14)
(Adventure|2008,3.4615384615384617 0)
(Adventure|2009,3.3127853881278537 7)
(Adventure|2010,3.6075533661740558 6)
(Adventure|2011,3.402962206332993 0)
(Adventure|2012,3.4747847478474783 15)
(Adventure|2013,3.6848552338530065 5)
(Adventure|2014,3.4427480916030535 1)
(Adventure|2015,3.651305274374001 31)
(Adventure|2016,3.4289176090468496 7)
(Animation|1996,3.6808510638297873 0)
(Animation|1997,3.831460674157303 0)
(Animation|1998,3.608695652173913 0)
(Animation|1999,3.887372013651877 0)
(Animation|2000,3.770794824399261 0)
(Animation|2001,3.6564885496183206 0)
(Animation|2002,3.642857142857143 0)
(Animation|2003,3.7218045112781954 0)
(Animation|2004,3.549738219895288 0)
(Animation|2005,3.7768079800498753 0)
(Animation|2006,3.5677200902934536 14)
(Animation|2007,3.540909090909091 2)
(Animation|2008,3.464968152866242 0)
(Animation|2009,3.5342205323193916 6)
(Animation|2010,3.667441860465116 4)
(Animation|2011,3.6217277486910993 0)
(Animation|2012,3.3446215139442232 11)
(Animation|2013,3.668831168831169 0)
(Animation|2014,3.4033333333333333 0)
(Animation|2015,3.688995215311005 9)
(Animation|2016,3.4972426470588234 3)
(Children|1996,3.5338235294117646 0)
(Children|1997,3.6790123456790123 0)
(Children|1998,3.2485207100591715 0)
(Children|1999,3.669921875 0)
(Children|2000,3.4839319470699435 0)
(Children|2001,3.4598214285714284 0)
(Children|2002,3.3048327137546467 0)
(Children|2003,3.630281690140845 0)
(Children|2004,3.4060283687943262 0)
(Children|2005,3.562274368231047 0)
(Children|2006,3.5496632996632997 9)
(Children|2007,3.3811188811188813 1)
(Children|2008,3.2939110070257613 0)
(Children|2009,3.274011299435028 5)
(Children|2010,3.4549180327868854 4)
(Children|2011,3.397810218978102 0)
(Children|2012,3.2096153846153848 5)
(Children|2013,3.7185929648241207 0)
(Children|2014,3.3369565217391304 1)
(Children|2015,3.49910394265233 9)
(Children|2016,3.291269841269841 2)
(Comedy|1995,3.0 0)
(Comedy|1996,3.4815801154016865 0)
(Comedy|1997,3.5717993079584773 0)
(Comedy|1998,3.572972972972973 0)
(Comedy|1999,3.56519967400163 0)
(Comedy|2000,3.5369857959786017 0)
(Comedy|2001,3.423763386027537 0)
(Comedy|2002,3.251058681185723 0)
(Comedy|2003,3.4081038135593222 0)
(Comedy|2004,3.339108910891089 0)
(Comedy|2005,3.515553869499241 0)
(Comedy|2006,3.496850944716585 58)
(Comedy|2007,3.4172131147540985 16)
(Comedy|2008,3.3870967741935485 3)
(Comedy|2009,3.2278241091736164 28)
(Comedy|2010,3.5542237442922375 10)
(Comedy|2011,3.324667822068169 14)
(Comedy|2012,3.4815751445086707 29)
(Comedy|2013,3.4651773981603156 3)
(Comedy|2014,3.343015214384509 6)
(Comedy|2015,3.5002319109461966 31)
(Comedy|2016,3.2874213836477986 10)
(Crime|1995,3.0 0)
(Crime|1996,3.674752920035939 0)
(Crime|1997,3.7825159914712154 0)
(Crime|1998,3.7169117647058822 0)
(Crime|1999,3.8187995469988674 0)
(Crime|2000,3.796277665995976 0)
(Crime|2001,3.6806596701649177 0)
(Crime|2002,3.506616257088847 0)
(Crime|2003,3.545977011494253 0)
(Crime|2004,3.4986225895316805 0)
(Crime|2005,3.654595015576324 0)
(Crime|2006,3.6584122359796067 16)
(Crime|2007,3.661417322834646 25)
(Crime|2008,3.7423312883435584 6)
(Crime|2009,3.550724637681159 9)
(Crime|2010,3.9164969450101834 13)
(Crime|2011,3.518922852983988 7)
(Crime|2012,3.783173734610123 23)
(Crime|2013,3.6716621253405997 10)
(Crime|2014,3.5504484304932737 5)
(Crime|2015,3.7947729220222794 9)
(Crime|2016,3.518426294820717 4)
(Documentary|1996,4.137931034482759 0)
(Documentary|1997,3.95 0)
(Documentary|1998,3.6666666666666665 0)
(Documentary|1999,4.016393442622951 0)
(Documentary|2000,4.0 0)
(Documentary|2001,3.8783783783783785 0)
(Documentary|2002,3.088235294117647 0)
(Documentary|2003,4.112903225806452 0)
(Documentary|2004,3.9878048780487805 0)
(Documentary|2005,3.7925925925925927 0)
(Documentary|2006,3.856521739130435 1)
(Documentary|2007,3.3979591836734695 2)
(Documentary|2008,3.830357142857143 5)
(Documentary|2009,3.6491228070175437 1)
(Documentary|2010,4.054347826086956 3)
(Documentary|2011,3.5876623376623376 2)
(Documentary|2012,4.042553191489362 7)
(Documentary|2013,3.472972972972973 2)
(Documentary|2014,3.6595744680851063 1)
(Documentary|2015,3.885321100917431 7)
(Documentary|2016,3.647727272727273 10)
(Drama|1996,3.7583767684288905 0)
(Drama|1997,3.747643219724438 0)
(Drama|1998,3.679138321995465 0)
(Drama|1999,3.8558091286307055 0)
(Drama|2000,3.819625468164794 0)
(Drama|2001,3.6153144940747493 0)
(Drama|2002,3.40303738317757 0)
(Drama|2003,3.49429164504411 0)
(Drama|2004,3.4635416666666665 0)
(Drama|2005,3.7512203058900098 0)
(Drama|2006,3.6672413793103447 64)
(Drama|2007,3.603422619047619 49)
(Drama|2008,3.647671568627451 10)
(Drama|2009,3.5379384395132427 39)
(Drama|2010,3.919811320754717 29)
(Drama|2011,3.5320791123974917 26)
(Drama|2012,3.729680125852124 91)
(Drama|2013,3.6607142857142856 22)
(Drama|2014,3.5153488372093022 30)
(Drama|2015,3.8035281909373917 53)
(Drama|2016,3.535547041294168 33)
(Fantasy|1996,3.4563636363636365 0)
(Fantasy|1997,3.6474164133738602 0)
(Fantasy|1998,3.457516339869281 0)
(Fantasy|1999,3.614341085271318 0)
(Fantasy|2000,3.5603603603603604 0)
(Fantasy|2001,3.5089514066496164 0)
(Fantasy|2002,3.2946708463949843 0)
(Fantasy|2003,3.5228215767634854 0)
(Fantasy|2004,3.3795045045045047 0)
(Fantasy|2005,3.6809078771695596 0)
(Fantasy|2006,3.533830275229358 26)
(Fantasy|2007,3.4446808510638296 1)
(Fantasy|2008,3.4908906882591095 3)
(Fantasy|2009,3.4022727272727273 9)
(Fantasy|2010,3.6232394366197185 5)
(Fantasy|2011,3.4689655172413794 1)
(Fantasy|2012,3.5334128878281623 7)
(Fantasy|2013,3.6311475409836067 1)
(Fantasy|2014,3.403930131004367 0)
(Fantasy|2015,3.669363538295577 14)
(Fantasy|2016,3.332022471910112 4)
(Film-Noir|1996,4.0 0)
(Film-Noir|1997,4.135135135135135 0)
(Film-Noir|1998,3.7567567567567566 0)
(Film-Noir|1999,4.236559139784946 0)
(Film-Noir|2000,4.214285714285714 0)
(Film-Noir|2001,4.015625 0)
(Film-Noir|2002,3.242424242424242 0)
(Film-Noir|2003,3.5789473684210527 0)
(Film-Noir|2004,3.7735849056603774 0)
(Film-Noir|2005,4.004347826086956 0)
(Film-Noir|2006,3.869047619047619 0)
(Film-Noir|2007,3.7884615384615383 16)
(Film-Noir|2008,4.117021276595745 0)
(Film-Noir|2009,3.735294117647059 0)
(Film-Noir|2010,3.925 0)
(Film-Noir|2011,3.6020408163265305 1)
(Film-Noir|2012,3.7936507936507935 2)
(Film-Noir|2013,3.857142857142857 0)
(Film-Noir|2014,3.625 4)
(Film-Noir|2015,3.8333333333333335 0)
(Film-Noir|2016,3.870967741935484 3)
(Horror|1996,3.4932432432432434 0)
(Horror|1997,3.26875 0)
(Horror|1998,3.3448275862068964 0)
(Horror|1999,3.455026455026455 0)
(Horror|2000,3.555347091932458 0)
(Horror|2001,3.142857142857143 0)
(Horror|2002,3.3058823529411763 0)
(Horror|2003,3.0217391304347827 0)
(Horror|2004,3.17816091954023 0)
(Horror|2005,3.446327683615819 0)
(Horror|2006,3.3214285714285716 11)
(Horror|2007,3.146153846153846 3)
(Horror|2008,3.376190476190476 1)
(Horror|2009,2.8508474576271188 7)
(Horror|2010,3.4548022598870056 0)
(Horror|2011,3.2367424242424243 1)
(Horror|2012,3.650735294117647 8)
(Horror|2013,3.5458333333333334 0)
(Horror|2014,3.3214285714285716 0)
(Horror|2015,3.020628683693517 7)
(Horror|2016,3.0870044052863435 6)
(IMAX|1996,3.8059701492537314 0)
(IMAX|1997,3.727272727272727 0)
(IMAX|1998,3.8333333333333335 0)
(IMAX|1999,4.1 0)
(IMAX|2000,3.9347826086956523 0)
(IMAX|2001,3.76 0)
(IMAX|2002,3.933333333333333 0)
(IMAX|2003,3.642857142857143 0)
(IMAX|2004,3.71 0)
(IMAX|2005,3.6359223300970873 0)
(IMAX|2006,3.6107784431137726 4)
(IMAX|2007,3.509433962264151 0)
(IMAX|2008,3.6953125 1)
(IMAX|2009,3.5467625899280577 4)
(IMAX|2010,3.763358778625954 4)
(IMAX|2011,3.54066985645933 1)
(IMAX|2012,3.5625 6)
(IMAX|2013,3.5544871794871793 2)
(IMAX|2014,3.293617021276596 0)
(IMAX|2015,3.5791666666666666 8)
(IMAX|2016,3.4296740994854202 3)
(Musical|1996,3.6246418338108883 0)
(Musical|1997,3.784313725490196 0)
(Musical|1998,3.4623655913978495 0)
(Musical|1999,3.7900874635568513 0)
(Musical|2000,3.8403954802259888 0)
(Musical|2001,3.622137404580153 0)
(Musical|2002,3.4393939393939394 0)
(Musical|2003,3.6194539249146755 0)
(Musical|2004,3.508695652173913 0)
(Musical|2005,3.643465909090909 0)
(Musical|2006,3.5398671096345513 3)
(Musical|2007,3.1923076923076925 5)
(Musical|2008,3.373873873873874 1)
(Musical|2009,3.3575581395348837 6)
(Musical|2010,3.4155844155844157 0)
(Musical|2011,3.494818652849741 1)
(Musical|2012,3.3069620253164556 9)
(Musical|2013,3.6559139784946235 2)
(Musical|2014,3.413793103448276 1)
(Musical|2015,3.5704697986577183 3)
(Musical|2016,3.515873015873016 1)
(Mystery|1995,5.0 0)
(Mystery|1996,3.626959247648903 0)
(Mystery|1997,3.6810344827586206 0)
(Mystery|1998,3.7662337662337664 0)
(Mystery|1999,3.890063424947146 0)
(Mystery|2000,3.8442545109211776 0)
(Mystery|2001,3.7003367003367003 0)
(Mystery|2002,3.509157509157509 0)
(Mystery|2003,3.4074675324675323 0)
(Mystery|2004,3.4506849315068493 0)
(Mystery|2005,3.751968503937008 0)
(Mystery|2006,3.6396933560477 6)
(Mystery|2007,3.6990291262135924 3)
(Mystery|2008,3.691335740072202 0)
(Mystery|2009,3.3865384615384615 7)
(Mystery|2010,4.011520737327189 12)
(Mystery|2011,3.5387700534759357 2)
(Mystery|2012,3.8029891304347827 11)
(Mystery|2013,3.767361111111111 4)
(Mystery|2014,3.5597826086956523 2)
(Mystery|2015,3.6651119402985075 12)
(Mystery|2016,3.544086021505376 4)
((no genres listed)|2012,4.5 0)
((no genres listed)|2015,3.125 0)
((no genres listed)|2016,4.277777777777778 1)
(Romance|1996,3.5978339350180506 0)
(Romance|1997,3.6413502109704643 0)
(Romance|1998,3.642857142857143 0)
(Romance|1999,3.7392937640871526 0)
(Romance|2000,3.690201729106628 0)
(Romance|2001,3.557244174265451 0)
(Romance|2002,3.337696335078534 0)
(Romance|2003,3.4586977648202137 0)
(Romance|2004,3.383084577114428 0)
(Romance|2005,3.6329746348962337 0)
(Romance|2006,3.54957805907173 30)
(Romance|2007,3.4964912280701754 8)
(Romance|2008,3.557719054242003 1)
(Romance|2009,3.4395770392749245 23)
(Romance|2010,3.769230769230769 4)
(Romance|2011,3.333131067961165 7)
(Romance|2012,3.5447214076246336 18)
(Romance|2013,3.4420903954802258 4)
(Romance|2014,3.334384858044164 8)
(Romance|2015,3.6238805970149253 16)
(Romance|2016,3.375763747454175 6)
(Sci-Fi|1996,3.4366013071895423 0)
(Sci-Fi|1997,3.650103519668737 0)
(Sci-Fi|1998,3.4723247232472323 0)
(Sci-Fi|1999,3.515873015873016 0)
(Sci-Fi|2000,3.5303292894280762 0)
(Sci-Fi|2001,3.3891050583657587 0)
(Sci-Fi|2002,3.2601769911504426 0)
(Sci-Fi|2003,3.3198707592891763 0)
(Sci-Fi|2004,3.37007299270073 0)
(Sci-Fi|2005,3.5217391304347827 0)
(Sci-Fi|2006,3.3979504696840306 23)
(Sci-Fi|2007,3.372844827586207 8)
(Sci-Fi|2008,3.3840304182509504 1)
(Sci-Fi|2009,3.1842105263157894 14)
(Sci-Fi|2010,3.592050209205021 2)
(Sci-Fi|2011,3.3698140200286124 3)
(Sci-Fi|2012,3.5967238689547583 7)
(Sci-Fi|2013,3.580592105263158 5)
(Sci-Fi|2014,3.438534278959811 1)
(Sci-Fi|2015,3.649041873669269 26)
(Sci-Fi|2016,3.3925199709513434 6)
(Thriller|1995,4.0 0)
(Thriller|1996,3.6331508213041315 0)
(Thriller|1997,3.5427698574338087 0)
(Thriller|1998,3.5475728155339805 0)
(Thriller|1999,3.70268074735987 0)
(Thriller|2000,3.6518231687641176 0)
(Thriller|2001,3.495525727069351 0)
(Thriller|2002,3.298611111111111 0)
(Thriller|2003,3.378987898789879 0)
(Thriller|2004,3.3244406196213423 0)
(Thriller|2005,3.5512157268494566 0)
(Thriller|2006,3.4590686274509803 30)
(Thriller|2007,3.49009900990099 32)
(Thriller|2008,3.5169213973799125 5)
(Thriller|2009,3.317443120260022 19)
(Thriller|2010,3.7160493827160495 20)
(Thriller|2011,3.3156342182890857 7)
(Thriller|2012,3.6343632958801497 27)
(Thriller|2013,3.571283095723014 5)
(Thriller|2014,3.4893048128342246 9)
(Thriller|2015,3.545353366722315 22)
(Thriller|2016,3.394628099173554 11)
(War|1996,3.972560975609756 0)
(War|1997,4.028368794326241 0)
(War|1998,3.855855855855856 0)
(War|1999,4.100313479623824 0)
(War|2000,3.975741239892183 0)
(War|2001,3.8823529411764706 0)
(War|2002,3.7540106951871657 0)
(War|2003,3.584577114427861 0)
(War|2004,3.5452488687782804 0)
(War|2005,3.897277227722772 0)
(War|2006,3.686700767263427 4)
(War|2007,3.6533333333333333 4)
(War|2008,3.6658291457286434 1)
(War|2009,3.624113475177305 3)
(War|2010,3.962686567164179 2)
(War|2011,3.557777777777778 0)
(War|2012,3.707943925233645 13)
(War|2013,3.7615384615384615 0)
(War|2014,3.6016260162601625 3)
(War|2015,3.910427807486631 5)
(War|2016,3.6327433628318584 1)
(Western|1996,3.587719298245614 0)
(Western|1997,3.7142857142857144 0)
(Western|1998,3.6122448979591835 0)
(Western|1999,3.5779816513761467 0)
(Western|2000,3.6809210526315788 0)
(Western|2001,3.5064935064935066 0)
(Western|2002,3.5319148936170213 0)
(Western|2003,3.47 0)
(Western|2004,3.3404255319148937 0)
(Western|2005,3.57421875 0)
(Western|2006,3.354961832061069 2)
(Western|2007,3.6206896551724137 1)
(Western|2008,3.6206896551724137 1)
(Western|2009,3.3095238095238093 0)
(Western|2010,3.7142857142857144 0)
(Western|2011,3.36875 1)
(Western|2012,3.7865853658536586 3)
(Western|2013,3.8125 2)
(Western|2014,3.625 1)
(Western|2015,3.606060606060606 1)
(Western|2016,3.5977011494252875 0)
